   4.1666667e-01	   0.0000000e+00	   0.0000000e+00	   0.0000000e+00	   2.5000000e-01	   0.0000000e+00	   0.0000000e+00	   0.0000000e+00	   0.0000000e+00	   0.0000000e+00	   0.0000000e+00	   0.0000000e+00	   0.0000000e+00	   0.0000000e+00	   0.0000000e+00	   0.0000000e+00	   0.0000000e+00	   0.0000000e+00	   0.0000000e+00	   3.3333333e-01	
   0.0000000e+00	   2.0000000e-01	   2.0000000e-01	   2.0000000e-01	   0.0000000e+00	   0.0000000e+00	   0.0000000e+00	   0.0000000e+00	   2.0000000e-01	   0.0000000e+00	   2.0000000e-01	   0.0000000e+00	   0.0000000e+00	   0.0000000e+00	   0.0000000e+00	   0.0000000e+00	   0.0000000e+00	   0.0000000e+00	   0.0000000e+00	   0.0000000e+00	
   0.0000000e+00	   2.0000000e-01	   2.0000000e-01	   2.0000000e-01	   0.0000000e+00	   0.0000000e+00	   0.0000000e+00	   0.0000000e+00	   0.0000000e+00	   2.0000000e-01	   0.0000000e+00	   0.0000000e+00	   0.0000000e+00	   0.0000000e+00	   2.0000000e-01	   0.0000000e+00	   0.0000000e+00	   0.0000000e+00	   0.0000000e+00	   0.0000000e+00	
   0.0000000e+00	   2.0000000e-01	   2.0000000e-01	   2.0000000e-01	   0.0000000e+00	   0.0000000e+00	   0.0000000e+00	   0.0000000e+00	   0.0000000e+00	   2.0000000e-01	   0.0000000e+00	   0.0000000e+00	   0.0000000e+00	   0.0000000e+00	   2.0000000e-01	   0.0000000e+00	   0.0000000e+00	   0.0000000e+00	   0.0000000e+00	   0.0000000e+00	
   2.5000000e-01	   0.0000000e+00	   0.0000000e+00	   0.0000000e+00	   2.5000000e-01	   0.0000000e+00	   0.0000000e+00	   0.0000000e+00	   0.0000000e+00	   0.0000000e+00	   0.0000000e+00	   0.0000000e+00	   0.0000000e+00	   2.5000000e-01	   0.0000000e+00	   0.0000000e+00	   2.5000000e-01	   0.0000000e+00	   0.0000000e+00	   0.0000000e+00	
   0.0000000e+00	   0.0000000e+00	   0.0000000e+00	   0.0000000e+00	   0.0000000e+00	   4.1666667e-01	   0.0000000e+00	   0.0000000e+00	   2.5000000e-01	   0.0000000e+00	   3.3333333e-01	   0.0000000e+00	   0.0000000e+00	   0.0000000e+00	   0.0000000e+00	   0.0000000e+00	   0.0000000e+00	   0.0000000e+00	   0.0000000e+00	   0.0000000e+00	
   0.0000000e+00	   0.0000000e+00	   0.0000000e+00	   0.0000000e+00	   0.0000000e+00	   0.0000000e+00	   2.3333333e-01	   0.0000000e+00	   0.0000000e+00	   0.0000000e+00	   0.0000000e+00	   2.0000000e-01	   2.0000000e-01	   0.0000000e+00	   0.0000000e+00	   1.6666667e-01	   0.0000000e+00	   0.0000000e+00	   2.0000000e-01	   0.0000000e+00	
   0.0000000e+00	   0.0000000e+00	   0.0000000e+00	   0.0000000e+00	   0.0000000e+00	   0.0000000e+00	   0.0000000e+00	   6.6666667e-01	   0.0000000e+00	   0.0000000e+00	   0.0000000e+00	   0.0000000e+00	   0.0000000e+00	   0.0000000e+00	   0.0000000e+00	   0.0000000e+00	   3.3333333e-01	   0.0000000e+00	   0.0000000e+00	   0.0000000e+00	
   0.0000000e+00	   2.0000000e-01	   0.0000000e+00	   0.0000000e+00	   0.0000000e+00	   2.5000000e-01	   0.0000000e+00	   0.0000000e+00	   3.0000000e-01	   0.0000000e+00	   0.0000000e+00	   2.5000000e-01	   0.0000000e+00	   0.0000000e+00	   0.0000000e+00	   0.0000000e+00	   0.0000000e+00	   0.0000000e+00	   0.0000000e+00	   0.0000000e+00	
   0.0000000e+00	   0.0000000e+00	   2.0000000e-01	   2.0000000e-01	   0.0000000e+00	   0.0000000e+00	   0.0000000e+00	   0.0000000e+00	   0.0000000e+00	   3.5000000e-01	   0.0000000e+00	   0.0000000e+00	   0.0000000e+00	   0.0000000e+00	   2.5000000e-01	   0.0000000e+00	   0.0000000e+00	   0.0000000e+00	   0.0000000e+00	   0.0000000e+00	
   0.0000000e+00	   2.0000000e-01	   0.0000000e+00	   0.0000000e+00	   0.0000000e+00	   3.3333333e-01	   0.0000000e+00	   0.0000000e+00	   0.0000000e+00	   0.0000000e+00	   4.6666667e-01	   0.0000000e+00	   0.0000000e+00	   0.0000000e+00	   0.0000000e+00	   0.0000000e+00	   0.0000000e+00	   0.0000000e+00	   0.0000000e+00	   0.0000000e+00	
   0.0000000e+00	   0.0000000e+00	   0.0000000e+00	   0.0000000e+00	   0.0000000e+00	   0.0000000e+00	   2.0000000e-01	   0.0000000e+00	   2.5000000e-01	   0.0000000e+00	   0.0000000e+00	   3.8333333e-01	   0.0000000e+00	   0.0000000e+00	   0.0000000e+00	   1.6666667e-01	   0.0000000e+00	   0.0000000e+00	   0.0000000e+00	   0.0000000e+00	
   0.0000000e+00	   0.0000000e+00	   0.0000000e+00	   0.0000000e+00	   0.0000000e+00	   0.0000000e+00	   2.0000000e-01	   0.0000000e+00	   0.0000000e+00	   0.0000000e+00	   0.0000000e+00	   0.0000000e+00	   3.8333333e-01	   0.0000000e+00	   0.0000000e+00	   1.6666667e-01	   0.0000000e+00	   0.0000000e+00	   2.5000000e-01	   0.0000000e+00	
   0.0000000e+00	   0.0000000e+00	   0.0000000e+00	   0.0000000e+00	   2.5000000e-01	   0.0000000e+00	   0.0000000e+00	   0.0000000e+00	   0.0000000e+00	   0.0000000e+00	   0.0000000e+00	   0.0000000e+00	   0.0000000e+00	   7.5000000e-01	   0.0000000e+00	   0.0000000e+00	   0.0000000e+00	   0.0000000e+00	   0.0000000e+00	   0.0000000e+00	
   0.0000000e+00	   0.0000000e+00	   2.0000000e-01	   2.0000000e-01	   0.0000000e+00	   0.0000000e+00	   0.0000000e+00	   0.0000000e+00	   0.0000000e+00	   2.5000000e-01	   0.0000000e+00	   0.0000000e+00	   0.0000000e+00	   0.0000000e+00	   3.5000000e-01	   0.0000000e+00	   0.0000000e+00	   0.0000000e+00	   0.0000000e+00	   0.0000000e+00	
   0.0000000e+00	   0.0000000e+00	   0.0000000e+00	   0.0000000e+00	   0.0000000e+00	   0.0000000e+00	   1.6666667e-01	   0.0000000e+00	   0.0000000e+00	   0.0000000e+00	   0.0000000e+00	   1.6666667e-01	   1.6666667e-01	   0.0000000e+00	   0.0000000e+00	   1.6666667e-01	   0.0000000e+00	   1.6666667e-01	   1.6666667e-01	   0.0000000e+00	
   0.0000000e+00	   0.0000000e+00	   0.0000000e+00	   0.0000000e+00	   2.5000000e-01	   0.0000000e+00	   0.0000000e+00	   3.3333333e-01	   0.0000000e+00	   0.0000000e+00	   0.0000000e+00	   0.0000000e+00	   0.0000000e+00	   0.0000000e+00	   0.0000000e+00	   0.0000000e+00	   4.1666667e-01	   0.0000000e+00	   0.0000000e+00	   0.0000000e+00	
   0.0000000e+00	   0.0000000e+00	   0.0000000e+00	   0.0000000e+00	   0.0000000e+00	   0.0000000e+00	   0.0000000e+00	   0.0000000e+00	   0.0000000e+00	   0.0000000e+00	   0.0000000e+00	   0.0000000e+00	   0.0000000e+00	   0.0000000e+00	   0.0000000e+00	   1.6666667e-01	   0.0000000e+00	   5.0000000e-01	   0.0000000e+00	   3.3333333e-01	
   0.0000000e+00	   0.0000000e+00	   0.0000000e+00	   0.0000000e+00	   0.0000000e+00	   0.0000000e+00	   2.0000000e-01	   0.0000000e+00	   0.0000000e+00	   0.0000000e+00	   0.0000000e+00	   0.0000000e+00	   2.5000000e-01	   0.0000000e+00	   0.0000000e+00	   1.6666667e-01	   0.0000000e+00	   0.0000000e+00	   3.8333333e-01	   0.0000000e+00	
   3.3333333e-01	   0.0000000e+00	   0.0000000e+00	   0.0000000e+00	   0.0000000e+00	   0.0000000e+00	   0.0000000e+00	   0.0000000e+00	   0.0000000e+00	   0.0000000e+00	   0.0000000e+00	   0.0000000e+00	   0.0000000e+00	   0.0000000e+00	   0.0000000e+00	   0.0000000e+00	   0.0000000e+00	   3.3333333e-01	   0.0000000e+00	   3.3333333e-01	
